0.0449242
-0.052682
-0.0684104
0.0590729
0.0600398
0.0264499
-0.0151879
-0.0169827
0.0821047
0.0779202
-0.0043405
-0.0648638
0.0279937
0.0477719
0.0871072
-0.0125881
-0.000911144
0.0600174
0.0412878
-0.05102
-0.0418136
0.0843687
0.0291897
0.0259539
-0.0343685
-0.0131475
0.0440693
0.0688225
-0.0130211
-0.0658973
0.0848483
0.0408712
0.115108
-0.0047789
6.86239e-005
0.0637365
0.041337
-0.00998904
-0.0212061
0.0101589
0.017183
0.0686092
-0.0345319
-0.0242874
0.0588759
0.0385259
0.0243772
0.0190816
0.0420199
0.0268845
0.0531935
-0.0255354
0.03253
0.0548052
0.054191
-0.00627211
-0.0389932
0.0363651
0.0239889
0.0572667
-0.0376021
-0.0207065
0.0517356
0.0642789
0.00589581
-0.0032753
0.0719428
0.0263557
0.0394719
-0.049322
0.0149562
0.0345818
0.0368389
0.0405206
0.0262348
0.0390029
0.0151548
0.0387068
0.00488368
0.0246005
0.0171604
0.0466078
0.0421634
0.0367663
0.0383544
-0.0137513
0.00390742
0.0140854
0.030512
0.0428239
-0.014955
0.0238891
0.0316493
0.0530456
0.0182627
0.0120429
0.0037063
0.00904227
-0.00165266
-0.0146771
-0.00745817
-0.0183269
0.01734
-0.00206673
0.00596789
0.0251977
0.0149837
0.00207269
0.0289626
0.0637897
0.00784892
0.0300551
-0.0400844
-0.0372933
0.00648551
0.020068
0.0109825
-0.0143135
0.0196592
-0.0308206
0.000855088
-0.0319857
0.0353745
-0.0153976
0.021183
-0.0126384
0.00435518
0.036021
-0.0179204
0.00347531
-0.026832
0.0026106
0.0330761
0.0610411
-0.00223
0.00760581
0.00554705
-0.0468275
0.00108893
-0.012676
-0.0064584
-0.016256
0.0201251
-0.0268295
-0.0137801
0.0285252
-0.0494178
0.0068473
0.0258875
0.0505638
-0.0155103
0.0612288
-0.00173018
-0.0132185
-0.00811493
-0.0835005
-0.0363641
0.0045741
-0.0182509
-0.0613513
0.0451641
-0.0146648
-0.00974674
0.026571
-0.0493677
-0.000549667
0.0240016
0.0438623
0.0193813
0.0754001
-0.00595339
-0.031466
-0.0034037
-0.0755736
-0.0339804
0.00146499
0.0325001
-0.0170433
0.0493971
-0.00900964
-0.0161709
-0.00989238
-0.0617054
0.0411556
0.0424378
0.013303
-0.0446998
0.0699274
0.0147171
-0.0431939
-0.0466201
-0.108904
-0.0372275
-0.058922
-0.0673348
-0.0875055
-0.00503233
-0.0111276
0.0284546
0.0404985
-0.0594162
0.0759279
0.0805307
0.0590229
-0.0223276
0.0743647
-0.00533249
0.000719222
0.0466381
-0.0687312
0.0416953
0.0120027
-0.016584
-0.0671012
-0.0202638
-0.0308762
0.0214916
-0.0238835
-0.0536185
0.0471672
-0.00765688
-0.00990611
-0.0275953
0.0470156
0.0440469
-0.0603366
-0.0407188
-0.0729406
-0.00677806
-0.00704019
-0.0334006
-0.0748081
0.0230257
0.00957056
0.00978619
0.0352135
0.0101463
0.0749075
0.0455911
0.0136465
-0.0209183
0.0331601
-0.00625078
-0.0410697
-0.0235185
-0.0218169
-0.0124458
0.000117389
-0.00452488
-0.079735
-0.005044
-0.0160876
-0.0102452
0.0193226
-0.0190278
0.0272531
0.0154268
0.0290477
-0.0500521
0.049413
0.0246767
-0.0204851
0.00238717
-0.0594984
-0.0333877
-0.0271338
0.00819098
-0.0535989
0.00434277
-0.0315988
-0.0064573
0.0341563
0.0209361
0.0593486
-0.0130127
0.0388389
-0.00802109
0.043366
0.011638
-0.00172952
0.00828265
-0.012842
0.00999574
-0.0555047
0.00562568
-0.00255911
0.00415868
0.0117108
-0.0331055
0.0247119
-0.0208557
0.0140722
-0.0206074
0.011206
-0.0160746
0.0428961
-0.0116938
-0.0426962
-0.0334672
-0.0363189
0.0508543
-0.0378932
-0.0141275
-0.0470989
0.00389654
-0.0256302
0.022054
0.00889206
0.0114689
0.0183557
-0.0251604
0.035542
0.0149267
0.0585118
0.0150543
-0.0411317
-0.000307753
0.0148095
0.0416127
-0.0399974
0.00286486
-0.0441183
0.0149818
-0.0484357
-0.0334249
-0.041475
-0.0420449
0.0351664
-0.0239316
-0.000384149
-0.0314576
0.00966667
0.0170881
-0.000826299
-0.058429
-0.0927878
-0.0370866
-0.0522536
0.0203027
-0.0447998
0.0218497
-0.00982655
-0.0132143
-0.00191322
0.013628
0.0673665
-0.0154067
0.00759235
-0.00263066
0.0237979
-0.012182
-0.017314
-0.018125
-0.0628569
0.00473802
-0.0681559
-0.0115167
-0.0134398
0.0155158
-0.000607021
-0.0239891
-0.0396707
-0.0649501
0.0255924
-0.0152734
0.0260116
-0.0567559
0.038486
0.0211344
-0.0101428
-0.0344268
-0.0518867
0.0444614
0.0010791
0.0107029
-0.0684146
0.0205356
0.0131024
-0.0277284
-0.00158647
-0.0323097
0.0493159
-0.0132931
0.0374804
-0.0360672
0.0249189
-0.0202866
-0.0341225
0.0150209
-0.00641448
0.0535153
-0.0169522
0.0187561
-0.0715888
0.0151296
-0.0381862
0.00556306
-0.00509413
-0.0172959
0.0332442
0.034751
0.0338819
-0.0669512
0.00286649
0.00130942
-0.00848649
-0.00237076
-0.0440546
-0.01876
-0.0650005
-0.0233539
-0.0866123
-0.0267504
-0.0266437
0.00258632
0.0407262
0.00998534
0.0165301
0.00599132
0.0532372
-0.00724466
-0.02721
-0.0174284
-0.0397424
-0.032891
-0.0414865
-0.00179313
-0.0314155
0.0105311
-0.0205677
-0.0386715
-0.0376027
-0.00898355
0.0319755
0.00733241
0.0509385
-0.0403805
-0.00642008
-0.0433419
0.0102763
-0.0192694
-0.0507127
-0.0259646
-0.0179667
-0.0203049
-0.0237944
-0.058273
-0.0423632
0.0252147
-0.0173563
0.00110635
0.0234172
0.0218576
0.101554
0.00539989
0.0609271
0.0278197
0.0705723
-0.0120644
-0.0226363
0.0124658
-0.00532379
0.0167808
0.0166018
0.00344917
0.0101106
0.0490904
0.00169807
0.00771867
0.0651225
0.0837223
0.0493271
0.0252939
-0.045195
-0.0131281
0.0652178
0.0182282
0.0101761
-0.00379543
-0.00713774
0.00496148
0.0387878
-0.01356
-0.0219452
-0.0287191
-0.0295735
-0.00806913
0.0596788
0.0427118
-0.0121374
0.03864
0.0180667
0.00387194
0.0647584
0.0113052
-0.0237068
-0.0149093
-0.0227848
-0.027265
0.0285698
0.0117577
-0.0327788
-0.0331915
-0.0302551
0.0775518
-0.0269968
-0.0541012
0.0333914
-0.00288524
0.0340076
0.00827932
-0.0262991
0.0354501
0.0451221
-0.0693843
-0.0448896
0.0030041
-0.0175647
-0.0167301
-0.00745995
-0.0456043
0.0415516
0.0309275
-0.0244712
-0.0332444
0.0333291
-0.0100132
0.0397142
-0.0111055
-0.0207297
0.0290844
0.0320948
-0.0414895
-0.0217766
-0.00781141
-0.0142651
-0.0104041
-0.00463015
-0.0169862
0.0556232
0.0455531
-0.0408239
-0.0145566
0.0666266
0.024527
0.033541
-0.0214001
-0.018777
0.0267758
0.12483
0.0224439
-0.0287229
0.058982
0.0371016
0.0751736
0.0136791
0.0106003
0.0794131
0.00739764
-0.0561007
-0.0347576
0.0579612
0.0361535
0.0207077
-0.0267242
-0.0331793
-0.0235758
0.056244
-0.00817987
-0.0268201
0.0161702
0.00432959
0.0136935
0.0175525
0.00932021
0.0708431
0.116237
0.0083491
-0.0473672
0.0161637
0.0351837
0.0195341
-0.0560111
-0.0299114
0.0605202
0.11375
0.00929894
-0.0360539
-0.0132181
0.0365537
-0.0181077
-0.0320075
0.00154155
0.0483084
0.0276484
-0.00756633
-0.00786277
0.0122138
0.0603038
0.0469941
-0.0377434
-0.0663948
0.030035
0.0706908
-0.0274424
-0.0462686
0.00228314
0.0396108
0.027214
-0.0663565
-0.0238174
0.0372562
0.0377858
-0.0141287
-0.0161841
0.00714466
0.0430924
-0.0176444
0.00392559
0.00616235
0.0398858
0.00333554
0.00236616
-0.0280713
-0.000984911
0.0247338
0.0327452
0.057593
0.0563963
0.0316895
0.0192676
-0.0733598
-0.0501207
-0.00933016
0.0350418
0.00774957
-0.0128987
0.0417761
0.0505551
-0.0112828
-0.0205691
-0.0256939
0.0318851
0.0396835
0.0204966
0.0473109
0.104791
0.0388769
-0.0125483
0.0418705
-0.0410885
-0.0443223
-0.00294546
-0.000279087
0.0368962
0.0574189
-0.00607729
0.0172714
0.0526306
-0.044302
-0.0234496
0.00668296
-0.00598305
-0.0199004
0.00131298
-0.0522816
-0.0240268
0.0682223
0.0817577
0.0375654
0.0206418
0.00369017
0.0292792
0.0589137
-0.0203352
0.0319911
0.156509
0.0760821
-0.00743674
-0.0302385
-0.0229938
-0.0243289
-0.0343982
-0.057904
0.0799653
0.0926685
-0.0616177
-0.0288179
0.0450991
0.0150048
-0.0077675
0.0105431
-0.0161224
0.0740995
0.0672361
-0.126339
-0.059071
0.0360334
0.0402806
-0.0265138
0.0198409
-0.0225263
0.085269
0.181225
-0.0272136
-0.0205445
-0.0326193
-0.00941665
-0.0261366
0.00479948
-0.0687454
0.058985
0.058116
-0.108871
-0.0409151
0.00033393
-0.00295692
-0.0222776
-0.0138294
-0.0552572
0.0814979
0.1056
-0.0611404
-0.00460342
0.0869293
0.0635562
0.0246269
0.0603979
-0.0020445
0.0179434
0.0535951
-0.0399365
0.0254861
0.0387183
-0.0312623
-0.0446267
0.0321712
-0.0239898
0.0268159
0.0907498
-0.0363637
-0.0337615
0.0258807
0.0477907
0.0579977
0.0138432
-0.074256
-0.0302497
0.0610862
-0.0131908
0.00409255
0.00184274
-0.00191876
0.0241907
0.0136108
-0.0832709
0.0156517
0.0523378
-0.0121379
0.0238028
0.0404094
-0.0161945
-0.0282445
0.0607445
0.024498
-0.0094095
0.00515815
-0.0322437
-0.0283832
-0.0336293
-0.0559
-0.0668934
0.0292274
-0.0107125
0.053903
0.138005
0.0143102
0.0291712
0.0200496
0.0214863
0.0119521
0.0364724
-0.0186948
0.041213
0.0936038
-0.0221425
-0.0316936
-0.00861038
-0.0374687
-0.031135
0.0195556
0.036661
0.0236095
0.0203663
0.0123674
0.0380692
-0.00883285
-0.0248008
-0.0303544
0.0273756
0.0382963
0.00501099
0.00259878
-0.0139712
0.0208702
-0.0053235
0.00616137
-0.0155923
-0.0184728
0.00208509
0.0687841
0.0897994
0.0175512
0.0278948
0.0123689
0.0307646
-0.0146905
0.0620467
0.0125327
0.023034
0.0172329
-0.00900209
0.0346267
0.0609528
0.10738
0.0254724
0.0454569
0.0535627
-0.00456334
-0.0147718
-0.0190059
0.0352839
0.0333473
0.0311584
-0.0599511
-0.0303634
-0.0465187
-0.0423115
0.00289742
-0.0229289
0.0204505
0.0160124
-0.00219164
-0.0781386
-0.062127
-0.101852
0.022165
0.0101573
-0.00976341
0.0758416
0.11981
0.131258
0.0511282
0.0554725
0.0293014
0.0553243
0.0104843
-0.0208505
0.0807637
0.0851187
0.102501
-0.0240282
-0.000720302
0.0165204
-0.031526
-0.00840834
-0.0264983
-0.000380441
-0.017265
-0.0182357
-0.029242
-0.00955498
-0.0539161
-0.0533224
-0.0172689
-0.0658811
-0.0519967
-0.059699
0.00622518
-0.0468954
-0.0281397
-0.0609497
0.053214
0.0776339
-0.0226307
0.0336373
0.0536535
0.0773418
-0.0172981
0.00909869
-0.014505
0.00229843
0.0363804
-0.0445944
0.00431534
0.000876618
0.0745732
-0.0544339
-0.0361234
-0.00604104
-0.0612452
0.0180121
-0.0609598
-0.0419925
-0.0399693
0.0532443
-0.0667212
-0.0231295
-0.0744032
-0.0623429
-0.026953
-0.0644119
-0.00324576
-0.0636789
-0.00857718
-0.0869349
-0.0472754
-0.0919108
0.0373229
0.0611351
-0.0152815
0.046165
0.0527589
0.114779
-0.0144146
0.0148207
-0.0213071
0.0239227
0.03967
-0.0453492
0.0660363
0.0649906
0.0622562
-0.0236426
-0.0384691
-0.0215121
-0.0224646
0.00663063
-0.0217736
0.00154727
-0.00230804
0.0197355
-0.0509683
-0.0354756
-0.0529422
-0.057899
-0.0312141
-0.0429436
-0.031894
-0.0505706
-0.025196
-0.0638554
-0.0486048
-0.0727706
0.0277582
0.0323831
-0.015983
0.0865389
0.0809687
0.0835215
0.00504985
-0.0418736
-0.0462241
-0.00564513
0.0229884
-0.00401072
0.0460857
0.0517963
0.0744392
-0.0140787
-0.0283658
-0.0281386
-0.0638369
-0.00277815
-0.00692038
0.0365493
-0.0497954
-0.0241097
-0.0185108
0.0276626
-0.0489229
-0.0590317
-0.0291857
-0.0517467
-0.0537051
-0.0515325
-0.0717328
-0.0636375
-0.0244092
-0.0595042
0.0178431
0.0751101
0.054018
0.102171
0.066698
0.111529
0.0510576
0.066362
0.0295624
0.00207403
0.0584977
0.00887704
0.0229825
0.0568192
0.0941835
0.059851
0.061557
0.0169184
0.019547
0.00293482
0.00422627
-0.0308071
0.0109544
0.0434175
0.0184887
0.0410278
0.0245948
-0.0144205
-0.0529324
-0.0258868
-0.0793316
-0.0555144
-0.0108144
-0.0530709
-0.0129757
0.00367196
0.0607809
0.0582897
0.0532616
0.0660517
0.0708622
0.139823
0.13154
0.110504
0.0765931
-0.0398936
-0.0805702
-0.0186111
-0.0185844
0.00235564
0.0597931
-0.00353979
0.00267286
-0.0139079
0.0575715
-0.0386344
0.0113009
0.0236308
-0.0424987
0.00157476
0.00242549
0.00965145
0.0527437
0.0415864
-0.0657267
-0.00504938
0.0142765
-0.0260489
-0.0302322
0.00371267
-0.0249415
0.0637472
0.000213955
-0.055884
0.00403829
0.0316884
-0.0585818
0.0493628
0.0137502
-0.0102171
0.0265769
0.00301651
-0.0840888
-0.0165315
0.0455472
-0.0119651
-0.00255483
0.00942743
-0.0518972
0.0130069
-0.0148096
-0.0339569
-0.00498379
0.0827626
0.0660931
0.0250754
-0.00977452
-0.0266336
0.00343576
0.0389923
-0.0246705
0.008698
0.0650296
0.0472839
0.0358196
-0.0150156
0.00626537
0.0835412
0.037217
-0.0737526
-0.0509674
0.0208249
0.029737
0.0227764
-0.0254681
-0.0257594
0.0566834
0.0340284
-0.0798195
0.00445584
0.0581051
0.00187211
0.0497949
-0.0310587
-0.00752818
0.0875841
-0.0243141
-0.0590246
0.0163683
-0.0192369
0.0135707
-0.0474412
-0.0884326
-0.095902
-0.0316118
0.106474
0.0636438
0.0463306
0.0362923
0.01628
0.000664308
-0.0431719
-0.0204033
0.0344578
-0.0416057
0.00813874
0.229966
0.208405
0.100484
0.000870466
-0.0737787
-0.120884
-0.0504619
0.151954
0.22249
0.274506
0.163894
0.0716909
0.00652725
-0.00987501
-0.0397981
0.0566032
0.0728151
-0.0238588
-0.0668659
-0.0295298
-0.0524696
-0.0335895
0.0129948
0.0883544
0.0887026
-0.0504694
-0.052127
-0.0154121
0.0493796
-0.0412657
-0.0352642
0.0433661
0.138461
0.0703547
0.170053
0.0897101
0.00656917
-0.00922115
-0.0411387
-0.014413
0.0890082
0.157834
0.198507
0.0260629
0.0183077
0.0698729
0.0776313
0.0101792
0.00832542
0.121097
0.222586
0.16031
-0.0390853
0.195124
0.277935
0.239206
0.0243244
-0.0489163
0.000522228
0.0465236
-0.0515374
0.0104805
0.162646
0.175935
0.0532478
-0.0767384
-0.107234
-0.104085
-0.0740855
-0.11513
-0.0480236
0.136443
0.275674
0.255972
0.0373136
0.0207777
0.0871896
0.135968
-0.00925006
-0.101273
-0.0318947
0.0528896
-0.000430343
-0.103154
-0.0607916
-0.0495777
-0.0400553
-0.125972
0.119871
0.218707
0.0644272
0.0384946
-0.0137712
0.0144205
0.0320375
0.0689835
0.00277924
0.044638
0.0323474
-0.0483253
-0.0245837
-0.0111692
0.0165863
0.0485779
0.0591187
0.0137391
-0.0181058
-0.016931
-0.0656351
-0.0583732
-0.0431802
0.0414724
0.0374133
0.0564184
-0.0574394
-0.0157124
-0.0549124
-0.0921877
-0.0727843
-0.083211
-0.0492887
-0.0233345
0.0476808
-0.0274402
0.0429778
0.116826
0.0173288
-0.0367693
-0.0275483
0.0206705
0.0404004
0.0984999
0.012091
0.0537099
0.167654
0.0504489
-0.00367891
-0.00731448
0.0181159
0.0272917
0.091597
-0.016043
0.0199605
0.0475229
-0.0370698
-0.030383
-0.0760443
-0.0474286
-0.0337651
0.0491442
-0.0180205
-0.00868733
0.0451953
-0.0343686
-0.0722657
-0.0789165
-0.0380396
-0.0491425
-0.0118812
-0.0428817
0.0896484
0.236387
0.0644751
0.0191548
-0.0210051
0.0313559
0.0340468
0.0763939
0.0271137
0.0844412
0.166739
0.00848155
-0.0583417
-0.0426334
-0.0462496
0.0142159
0.0688019
0.0356436
-0.0197082
0.0713988
-0.0462711
-0.0420323
-0.0498845
-0.0143994
-0.0089131
-0.0169159
-0.0681994
0.000975922
0.0504571
-0.0603416
-0.0859517
-0.0557492
-0.0786788
-0.0692683
-0.0614986
-0.0640841
0.135505
0.151105
0.0361276
-0.00132875
0.0321607
0.029434
0.0119065
0.12387
0.088055
0.104624
0.0911213
0.0157053
0.00471891
0.0341827
0.0665312
0.0504002
0.150696
0.122019
-0.00757682
0.0202548
-0.0372475
-0.0401697
-0.0177041
0.0236373
-0.0125621
-0.000968994
-0.0701633
-0.0580745
-0.0374002
-0.0662644
-0.0680025
0.0026642
-0.002806
-0.0176205
-0.00891847
-0.00540724
0.0753365
0.0430006
-0.0403687
-0.0210739
0.0108067
0.0648432
0.02259
0.16249
0.140355
0.0987151
0.0347058
-0.0587648
-0.00765654
0.0344412
0.0799716
-0.00370633
0.128222
0.0979794
-0.0798658
-0.0286749
-0.0961367
-0.087174
-0.0523998
-0.0128948
-0.0379063
0.0185711
0.0257018
0.0406988
0.0370668
-0.0742298
-0.0870645
-0.0664106
-0.019094
-0.106701
0.0610165
0.0424441
0.0614345
0.0462352
-0.0564738
-0.0353925
0.0146288
0.0073465
-0.0856731
0.0549652
0.055374
0.0673132
0.0668453
-0.0608139
-0.0389313
-0.0332743
-0.0153717
-0.105679
0.013882
0.0141806
0.0207453
0.0490059
-0.0737861
-0.0639477
-0.0470708
-0.0464524
-0.12677
0.0714436
-0.0275659
0.044984
0.123024
-0.026941
-0.0626643
-0.0595917
-0.0523627
-0.0838645
0.0466545
0.014651
0.002062
0.0536523
-0.0686018
-0.0394317
-0.00501442
-0.000146605
-0.0883985
0.00281608
-0.0438573
-0.0261617
0.0353061
-0.0863984
0.0194637
-0.00822452
-0.0248178
-0.084321
-0.00897624
-0.0397548
-0.0192637
0.120768
-0.0409282
-0.043507
-0.0426732
-0.0315914
-0.0557951
0.0154895
-0.0358824
0.0378418
0.0929916
-0.0664788
-0.0180727
-0.0404158
-0.0332531
-0.0338465
0.0361779
0.0394566
-0.0355751
-0.00759503
-0.070625
-0.00431798
-0.0385642
-0.0354982
-0.0923323
-0.0257077
-0.0475154
-0.0380541
-0.00143162
-0.0678452
-0.0498428
-0.0588423
-0.023934
-0.0794383
-0.011856
-0.0351362
0.0432309
0.0437516
-0.066082
-0.0363379
-0.0645989
-0.060861
-0.0814037
0.0650898
0.0612203
0.112735
0.122396
-0.0253648
-0.00911979
-0.0372827
-0.0492383
-0.0528098
0.11883
0.110478
-0.00766126
0.0405967
-0.0154302
-0.020016
-0.0670193
-0.0214673
-0.0542923
-0.0204938
-0.0271028
-0.0407313
-0.0237252
-0.0692671
-0.0840872
-0.0686304
-0.0600774
-0.0715325
-0.0395866
-0.0326631
0.090032
0.144295
0.0831631
0.0947068
-0.0332508
-0.0131068
-0.0216932
0.0850398
0.0807645
0.0733159
0.124613
0.0663789
0.0339834
0.044168
0.0292451
-0.0125502
0.0639898
0.048636
0.0170255
0.00276097
-0.000926491
0.0236438
0.0748536
0.133495
0.0754926
0.0684281
0.0420304
-0.114575
-0.13669
-0.0870932
-0.126692
-0.0740812
0.0079789
-0.045323
-0.104102
-0.100057
0.109392
0.142789
0.095579
0.125574
0.192771
0.208274
0.141229
0.128215
0.109854
-0.0586396
-0.0855047
-0.0725063
-0.0408178
0.00974957
0.0279243
-0.0120773
-0.117832
-0.0703795
0.00849961
-0.0186677
-0.0117167
0.0187339
-0.0320722
0.0631795
0.00854579
-0.0174507
0.0192
-0.0363311
-0.0683647
-0.0244749
0.0494268
0.0240599
0.045517
-0.0151453
-0.0662088
-0.00585416
0.0180585
-0.038089
-0.00644918
0.0471985
-0.0565087
0.0525363
0.0572929
-0.0518509
0.0348322
-0.0223691
-0.0711836
-0.0121978
0.0775349
-0.00617282
0.0393897
0.0235345
-0.0866565
-0.000574771
0.124282
-0.0562383
-0.0524083
-0.0213541
-0.012054
-0.0263504
-0.0521912
-0.0480131
0.116835
0.128997
-0.0681034
-0.0137616
0.0530769
0.0473438
0.0531494
-0.00594521
-0.0160303
0.106357
0.133229
-0.00250679
-0.0797722
-0.0261733
-0.0409397
-0.0583236
-0.086059
-0.0563203
0.109111
0.136155
0.0142753
-0.0319685
0.0645018
0.0400523
0.0289036
0.000886537
-0.035408
0.0898386
-0.108752
-0.0587175
0.1455
0.192783
0.130694
0.0868959
0.00654709
-0.0968065
-0.126553
-0.0149194
0.110187
0.190423
0.134547
0.0614747
0.0617139
0.0550358
-0.0349053
-0.071958
-0.126462
-0.09972
0.0112132
0.0981028
0.110356
0.206178
0.145966
-0.0159857
-0.116574
-0.0795066
-0.0548957
0.0240413
0.0538492
0.0367355
0.165018
0.192285
0.145153
-0.00665841
0.117535
0.0842445
0.00808587
-0.0126849
-0.064052
-0.0214812
0.0372874
0.10479
0.111844
0.0571079
0.0143881
0.0252205
0.0356332
-0.0236383
0.0128186
0.103088
0.138102
0.0622545
0.128396
0.109379
0.0324126
-0.0357934
-0.0656656
0.00601576
0.0284173
0.112739
0.117376
0.110165
0.163668
0.0996788
0.0164325
-0.0231296
0.024154
0.0585165
0.0147164
0.0165279
-0.0551152
0.0635073
0.1687
0.17404
0.0722501
0.125928
0.157292
0.111459
-0.0355159
-0.153007
-0.0911605
-0.0433897
-0.0459962
-0.0548587
0.0060855
0.0265876
-0.0468885
-0.137468
0.00387812
0.136608
0.150175
0.113238
0.0916931
0.201229
0.196998
0.0677254
-0.047534
-0.103393
-0.0483694
0.0185744
-0.00397016
-0.0608826
-0.0149407
-0.0019776
-0.0664988
-0.156202
-0.0439041
-0.00114532
-0.0133925
-0.0138657
-0.0274951
0.0494287
0.0275829
0.0481402
-0.0282731
-0.0555969
-0.0475902
-0.074587
-0.0673243
-0.109457
-0.0685297
-0.0314345
-0.0141322
-0.031023
-0.00468989
0.0557638
0.047322
0.00517518
-0.069386
-0.040645
-0.0159546
0.00644033
-0.031917
-0.011697
0.00460177
-0.0151088
-0.0650634
-0.162695
-0.120771
-0.102749
-0.0579692
-0.0353345
-0.0347387
0.0391956
0.00129577
0.0013493
-0.0325815
0.00187427
-0.00626688
0.0306497
0.0200032
-0.0793325
0.00359875
-0.0128875
-0.00451815
-0.0503557
-0.00306884
-0.0294129
0.00524104
-0.0808675
0.0067485
0.0431568
-0.0173136
-0.00964372
-0.0720212
0.00883828
-0.0208344
0.0133809
-0.0505886
-0.0470242
-0.0280132
-0.0247878
-0.0505051
-0.0688294
-0.0477032
-0.0644026
-0.00124225
-0.0681927
-0.101632
0.0196449
-0.00650659
0.0527762
0.0397233
0.0481864
0.0341932
0.00212054
-0.0893499
-0.0684054
0.00240932
-0.028638
0.0125961
0.0509213
0.0281698
0.00626849
-0.0175805
-0.0971587
-0.0598366
-0.030514
0.0351068
0.0441465
0.0214979
-0.0178246
-0.0436124
0.0326653
-0.0596792
-0.0832184
-0.0259223
0.0240095
0.0451147
0.0637559
-0.0245499
-0.0382654
0.00467714
-0.0654211
-0.0693607
-0.000393027
0.0202403
0.0596566
0.0800938
0.0960651
0.021866
0.0217117
-0.0857889
-0.0566443
-0.0121748
-0.0236459
0.020479
0.0671988
0.035901
-0.00493622
0.00826553
-0.0758423
-0.0802668
0.00771715
0.0591224
0.114629
0.111801
0.0636094
0.0040121
0.0259237
-0.0596392
-0.0592712
0.00107984
0.0166446
0.0524304
0.0696098
0.0367502
-0.000962348
0.0229773
-0.0648184
-0.10269
0.0201985
-0.0571682
-0.0320225
-0.0317494
0.00532313
-0.0569118
0.0182997
-0.0405963
0.0207709
0.108426
-0.0341942
-0.0118914
0.00581631
0.0042327
-0.0640029
0.0869422
0.0154413
-0.0190155
0.0208931
-0.0681035
-0.00217229
-0.0141644
-0.00497565
-0.0228811
0.0444852
-0.0565273
0.0200435
0.0843822
-0.0675936
0.00434889
-0.00286831
0.000593564
-0.011089
0.10955
0.0548369
-0.0380681
0.0578934
-0.0796755
-0.0451565
-0.0158276
-0.0225909
-0.081489
0.0460082
-0.0587733
0.0225635
0.145432
0.0147563
-0.038344
-0.0490776
-0.028249
-0.0133666
0.116482
0.0307665
-0.0483355
0.00425667
-0.095794
-0.0523157
-0.0373711
-0.033201
-0.0427085
0.0716231
0.000315485
0.0310292
0.0750057
-0.0392234
-0.072557
-0.0560197
-0.0505043
0.0322264
0.167104
0.051254
-0.0387034
0.0868028
-0.0275814
-0.0320745
-0.0350269
-0.0391669
-0.0385914
0.0478174
-0.0681533
-0.00828928
0.0505548
-0.0677456
-0.0261321
-0.0444281
-0.0407864
-0.0549421
0.0325238
-0.0268666
-0.0191628
0.023043
-0.0444959
-0.0446086
-0.0345853
-0.0666743
-3.77457e-005
0.153728
-0.0280975
0.0147694
0.0295154
-0.0608699
-0.0178285
-0.0183954
-0.0647979
-0.0472662
0.0789231
-0.0138166
-0.026922
0.00179351
-0.0618992
-0.0508249
-0.0632841
-0.0555548
-0.0892451
-0.0171827
-0.0039823
0.056186
0.0533231
-0.0190353
-0.0242051
-0.0803806
-0.0369033
-0.0340651
0.0555387
0.0739415
0.0245639
-0.000340909
-0.10547
-0.0470664
-0.0387993
-0.0457535
-0.0441068
0.0059497
-0.0306815
0.0608574
0.055068
-0.0388602
-0.0134156
-0.0445328
0.0219563
-0.0057141
0.0689022
0.0410923
0.0129183
0.0727783
0.0233344
0.0378155
-0.0711912
0.00365148
-0.034526
0.0398395
0.0450777
0.0366078
0.0806276
0.00437449
0.00680715
0.0186311
0.0317289
-0.0160524
0.0111149
0.060344
0.0340999
0.0562381
-0.0207796
0.00461145
-0.0615568
0.0803191
0.0246284
0.0777336
0.0229168
0.0445089
0.0357315
-0.0334122
0.0367209
0.0352267
-0.000161095
0.0120449
0.0830651
0.0337248
0.0925621
0.088778
0.0473315
0.163976
0.1875
0.209906
0.0752577
0.0542326
0.0825341
-0.0774525
-0.102421
-0.0937515
-0.0614159
0.00842487
-0.0482886
-0.0781383
-0.1208
-0.0843017
0.118573
0.0564222
0.0731404
0.224087
0.191222
0.113682
0.074187
0.100662
0.0740464
-0.0823631
-0.117663
-0.0473994
-0.0294723
0.0160245
-0.0917739
-0.140556
-0.140165
-0.116443
0.0359342
-0.0284962
0.00493994
0.0756402
-0.0421649
0.0528779
0.0388789
-0.0512566
0.0439763
0.0232271
-0.0491871
-0.0100711
0.0416723
-0.0422118
0.0396815
0.000387692
-0.0512666
0.0070003
0.030162
-0.0344558
0.0370619
0.0649861
-0.0278291
0.0544594
0.012196
-0.0531652
0.0202557
0.0134906
-0.0445656
0.00293966
0.0300817
-0.0434885
0.0106617
0.0021828
-0.0671923
-0.00333871
0.0713615
-0.0345158
-0.0655869
0.0140682
0.0137154
0.0158915
-0.0596242
-0.0425021
0.0462687
0.0946211
0.0124642
-0.0209048
0.0444123
-0.0126869
0.0456482
-0.00775942
-0.0479748
0.0639878
0.0298517
-0.0461135
-0.0463931
0.0301591
0.0622037
0.12546
-0.00507349
-0.0326684
0.0228985
0.0717043
0.01475
-0.0190541
0.0418386
0.0309688
0.103623
0.0151467
-0.0212018
0.0510594
-0.0329333
-0.0801059
-0.0514004
0.00154093
0.057205
0.174797
0.169519
0.0510661
-0.0199846
0.0459865
-0.0316042
-0.00928244
-1.42472e-005
0.0227833
0.173541
0.248838
0.254996
0.153238
-0.0409879
-0.0711435
-0.0707391
-0.0293231
0.000674297
0.0145507
0.0151366
-0.0546818
-0.0080992
0.0136031
-0.0455421
-0.046497
0.011204
0.00824752
0.052116
0.0572172
0.0872653
0.0855181
0.204623
0.158121
0.038944
-0.0294217
-0.067356
-0.0367759
-0.0263895
0.0991421
0.173849
0.161469
0.235217
0.119766
-0.0157271
0.00343552
0.0926336
0.0598172
0.017619
0.0338987
0.105904
0.0759421
-0.0258276
-0.0217488
-0.0154437
-0.0291352
-0.059153
-0.00632128
0.0683131
0.0662896
0.134939
0.0325486
-0.00933591
0.000229606
0.0507013
-0.00397644
-0.0724908
-0.0484436
0.0103683
0.120222
0.0795784
0.00270778
0.0216271
0.236622
0.265994
0.12287
-0.0599243
-0.106928
-0.0256526
-0.00676829
-0.0684094
-0.130805
-0.00043257
0.0559249
0.0132377
-0.0909762
-0.0751273
0.018379
-0.00991219
-0.0348949
0.0400229
0.204789
0.272668
0.188723
-0.0354842
-0.115435
-0.0933556
-0.0871971
-0.0933285
-0.0864965
0.0174656
0.164032
0.166221
0.0213485
-0.0349897
0.0555467
0.0817489
0.0282263
-0.0504639
-0.0777885
-0.0575713
0.0335219
-0.0154047
-0.0214419
0.0314629
-0.0130213
-0.0513987
-0.0844191
-0.0913808
-0.123921
-0.035011
-0.0574532
0.0107184
0.0352797
0.042864
0.0121868
0.0160228
0.0264321
0.0718795
0.217074
0.107317
0.0128853
0.0421376
0.0399068
-0.0258245
0.00857826
-0.0333455
-0.0858199
0.0617664
0.0484916
-0.0140974
0.0462729
-0.0321437
-0.0320321
-0.0532629
-0.0187512
-0.0661381
0.0243946
-0.0236602
-0.0524223
-0.00254567
-0.0486908
-0.0586908
-0.0620249
-0.0671514
-0.0547031
0.0416612
-0.0447264
0.017923
0.0751169
0.0536745
0.0432279
0.0165597
-0.00737468
-0.0072369
0.13268
0.0492533
-0.0093352
0.0589988
0.0263338
0.0315425
0.0181746
0.00903013
0.060869
0.167387
0.0544946
-0.0701331
-0.00257484
-0.012391
-0.00739062
-0.050318
-0.0577705
-0.0846892
0.0707553
-0.00742746
-0.0715474
-0.0581102
-0.0458837
-0.0163412
-0.0497876
-0.10246
-0.0757468
0.0606453
-0.030543
0.0483375
0.0744724
0.0354843
0.0108722
-0.0189722
0.0142881
0.0736101
0.217295
0.0898878
0.0599221
0.052071
0.0106846
0.0111055
-0.00903906
-0.0599507
0.0223915
0.162591
0.115572
-0.0960752
-0.0335261
-0.0504351
0.0357923
-0.00923601
-0.0658299
-0.0429509
0.0456706
-0.0397748
-0.00843207
-0.0170344
-0.0871581
0.0041497
-0.0191348
-0.0941026
-0.0809234
-0.00703319
-0.0557674
0.109348
0.0829644
-0.00752888
0.0481779
0.00998313
-0.0558938
0.0144
0.130467
0.148065
0.15918
0.147672
0.0196407
0.0604471
0.0381071
-0.0150875
-0.0413419
0.0973915
0.165573
0.00242553
0.0130258
-0.0966763
-0.0378716
-0.0655757
-0.0959468
-0.0733898
0.00289941
-0.0702337
0.00834114
0.013245
-0.131023
-0.0499629
-0.0510694
-0.065021
-0.0823543
0.0128837
0.00950409
0.145404
0.12981
-0.0210902
0.0617718
0.0440851
-0.0248828
-0.061951
0.051354
0.0889242
0.0733397
0.0799082
-0.0261205
0.0795676
0.0425301
-0.0104739
-0.0634717
0.0200699
0.0597078
0.00906074
0.0330645
-0.113097
-0.0444256
-0.0488121
-0.0506361
-0.067517
0.0385321
0.0268103
0.052056
0.0322947
-0.089926
-0.080137
-0.0516067
-0.0760481
-0.021589
0.113367
0.0783089
0.0540992
0.0161603
-0.0892707
0.0204711
0.0127666
-0.0364318
-0.0631357
0.0251551
0.0193381
0.0376473
-0.0140427
-0.10592
-0.0528364
-0.0133534
-0.0616947
-0.0586137
0.0602501
0.0353232
-0.0231487
0.00190071
-0.0769168
-0.0455981
-0.0341892
-0.0628609
-0.0161861
0.133632
0.0231422
0.0427504
0.0214844
-0.0675131
-0.0253829
-0.00397837
-0.0273288
-0.0136716
0.0925165
0.0436189
-0.0197367
-0.0523808
-0.106192
-0.0214414
-0.0279277
-0.0556162
-0.0475713
0.0542303
-0.0154186
-0.0198657
-0.0713984
-0.0853953
-0.0114691
0.0191399
-0.000784405
-0.0517638
0.0228777
-0.0318273
0.0484691
0.0650612
-0.0778411
-0.0416061
-0.0160993
-0.0218035
-0.0309146
0.0287836
0.0442466
0.094339
0.0668919
-0.0610505
-0.0298092
-0.0145784
0.0256862
0.00790677
0.100053
0.0881848
-0.057426
-0.0846233
-0.112174
-0.0398015
-0.0182015
-0.0106305
-0.0652287
-0.0344505
-0.0555361
-0.0384653
-0.0716787
-0.0995342
-0.0196585
-0.0185183
-0.0372432
-0.057899
-0.0196276
-0.0286646
0.0534534
0.0808992
0.00967233
0.0189364
0.00670076
0.110688
0.0971465
0.145282
0.0826264
0.0206489
0.0636871
-0.0233183
0.0376882
0.0322348
0.00651256
0.0517695
0.14526
0.0598236
-0.0286857
-0.0159877
-0.0405713
-0.00974406
-0.0093238
-0.00616002
-0.005109
0.0432523
-0.0142013
-0.095018
-0.0326608
-0.0501611
-0.0470435
-0.0367529
-0.0919881
-0.0894795
-0.0183459
-0.055745
0.119475
0.138945
0.152045
0.244316
0.174573
0.0919551
0.0887346
0.173031
0.11133
-0.0203449
-0.063788
-0.00389795
0.0358291
0.0254531
-0.0546735
-0.105895
-0.0806282
-0.039626
0.0518603
0.0971608
0.120407
0.160831
0.077311
0.0160009
0.0138832
0.0524681
0.044896
-0.0568857
-0.0530608
-0.021348
-0.0262873
-0.0430381
-0.108639
-0.0947643
-0.132645
-0.0614844
0.0421684
-0.0305927
0.0627999
0.0487504
-0.0503754
0.0532067
-0.00200103
-0.0316384
0.00519608
0.0333968
-0.065091
0.0371477
0.0479997
-0.0189081
0.0372684
-0.00795596
-0.0898145
-0.00515769
0.0422929
0.00398367
0.0237705
0.0548607
-0.0347439
0.0377926
0.0298559
-0.0269798
0.0398397
0.0163107
-0.0666442
0.0160023
0.0519891
0.00159505
0.0342009
-0.00444708
-0.0901434
0.0167883
0.0279669
-0.0480257
-0.0620329
-0.0033798
0.0231315
0.0400435
-0.0297211
-0.0436613
0.0389992
0.0647718
0.0306355
-0.0145137
0.0418427
-0.00168949
0.0200944
-0.0372695
-0.025759
0.0466088
0.0650954
-0.049214
-0.07256
0.0305986
0.0668897
0.0639696
-0.0111854
0.0059013
0.0768132
0.0610505
-0.00560958
-0.0151142
0.0643588
0.022831
0.0555353
-0.0290722
0.0338418
0.098885
0.0111868
-0.0197545
-0.0201168
0.0563514
0.0172851
-0.0418744
-0.0195597
-0.0244372
0.0287936
0.0428999
-0.0305608
-0.0497512
0.0372673
0.0230784
0.0104767
-0.0233872
-0.00440405
0.042089
0.0641422
0.00127019
-0.027003
0.052533
-0.00514418
0.0023218
-0.0480697
-0.00615226
0.0981413
0.0422154
0.00745484
-0.0131792
0.0450297
0.0525071
0.00841989
-0.0585327
-0.0221798
0.0679051
0.0311613
0.0216731
-0.019014
0.0398088
0.0678339
0.0448447
-0.0234359
-0.0772902
-0.0279347
0.0167933
0.0871989
0.033401
0.0185229
0.069967
0.0697408
0.000587636
-0.06952
-0.0151472
0.00451443
-0.0181612
-0.00316944
0.0291311
0.0663334
0.0597052
-0.0261099
-0.0364522
0.00389445
0.0245586
0.0355216
0.0245162
0.00901942
0.0376573
0.0538894
-0.018763
-0.0378793
-0.00274125
-0.034801
0.0423601
0.0157515
-0.00910581
0.00652044
0.0664536
0.104359
0.0680174
-0.0226373
-0.0616846
-0.0459653
-0.031507
-0.0530023
-0.0570122
0.00174476
0.0562977
0.146518
0.0564703
0.0184915
0.0430955
-5.44169e-005
-0.0136775
0.00974049
-0.0224826
-0.0367985
-0.0159086
0.0165462
0.00648062
0.0233673
-0.0510626
-0.0345442
-0.0285088
-0.0362597
-0.0396906
0.0179279
0.0454932
-0.0408119
0.00537453
-0.0091731
-0.0169393
0.00559438
-0.00474247
-0.0230397
0.18651
0.0934328
-0.0811677
-0.0093578
-0.0263277
-0.00190023
0.0247682
-0.0419708
-0.125103
0.0757052
0.0507049
0.020079
0.0413584
-0.00993139
0.00361452
0.0318407
-0.0187052
-0.0325815
0.074826
0.0890708
-0.0211032
0.0174757
-0.0280773
0.00222457
0.0328066
-0.0760373
-0.102015
0.0128495
0.0257465
-0.0630327
0.00886742
0.0293413
0.0690617
0.0465099
-0.0100499
-0.0354997
0.104731
0.0220177
-0.0895586
-0.0275996
-0.0318569
-0.0304899
0.00416237
-0.0236938
-0.0111466
0.0461731
-0.0433456
0.025405
0.0527849
0.00891154
0.0544717
0.0927919
-0.00398962
-0.0583404
0.0222813
0.0518588
0.0144734
0.0332474
-0.0392298
0.00644594
0.0394659
-0.0121434
-0.0690502
0.0284835
0.0168887
-0.0126189
0.0342635
-0.0173034
-0.0085569
0.0168848
-0.0198849
0.00753946
0.0988899
0.0213403
0.00199897
0.0349048
-0.0123311
-0.00497959
-0.00322891
-0.0311275
-0.00809205
0.0971757
0.0347069
0.0453264
0.0599129
-0.0232014
-0.01621
0.0417521
-0.0149392
-0.0404317
0.0187757
-0.000515877
-0.0151671
0.042692
-0.019461
0.00259282
0.00927098
-0.0215317
-0.0113783
0.00953298
-0.0164685
-0.0103118
0.0749021
0.0191877
0.0527521
0.00250612
-0.00309059
-0.00254289
0.103058
0.0657622
0.0658856
0.0550723
0.00985872
0.0591911
0.0358426
0.0352277
-0.0254306
0.0498043
0.0569529
0.0163082
0.0551336
-0.00691773
0.0170304
0.00040374
0.0274862
0.00501255
0.0181173
0.0333899
0.0146374
-0.00763088
-0.00563468
-0.0125021
-0.0347182
0.007153
-0.0620251
-0.0209962
0.0290217
0.0260766
0.0620086
0.0454338
0.116375
0.119158
0.100178
-0.0297378
0.0495077
0.00681096
-0.0121429
0.0042963
-0.00675778
0.103592
0.0842684
0.0791617
-0.0236199
0.031601
-0.0130924
-0.000241603
-0.00578337
-0.0281891
0.0273218
0.0166216
0.0329525
-0.0309441
-0.0236307
-0.00275363
-0.0301353
-0.0312231
-0.0417904
0.00160658
0.032919
-0.00213499
-0.040598
0.00525516
-0.0197972
-0.0426352
-0.00378634
-0.0331981
0.0749524
0.0338991
0.0220292
-0.0341453
0.0849624
-0.00900528
0.00521668
-0.00721616
-0.0458182
0.0463161
0.019924
0.0373413
-0.00329579
0.0926551
0.0304355
-0.06401
-0.0204157
-0.0235386
0.00314508
0.00733109
-0.00600697
-0.0643496
-0.0025962
-0.0120128
-0.0281619
-0.0111495
-0.0277009
0.00745668
-0.0320127
0.00383248
-0.081555
-0.0113694
-0.0394052
-0.021291
0.0156597
0.00892815
0.0855752
0.0556009
0.0331606
0.00773599
0.0841758
0.0426095
-0.0373982
-0.0553565
0.00829909
0.0807219
0.078312
0.0676862
-0.0216953
0.0319674
-0.0275396
-0.0394657
0.00753877
-0.0169627
0.0410607
-0.00702771
-0.0134524
-0.0536866
0.0103911
-0.06517
-0.0929016
-0.0438033
-0.0365723
0.00916663
-0.0150089
0.00624486
-0.0604694
-0.0381855
-0.0828782
-0.0351429
-0.0220145
-0.00452141
0.0796141
0.109305
0.0868919
0.0106352
0.0308807
0.0266789
-0.00380611
-0.000754344
-0.0125901
0.061768
0.0650045
0.0241778
0.0179523
0.0501483
0.034784
-0.0352753
-0.0278765
-0.0218335
0.0154056
0.0032635
0.00128642
-0.0257237
-0.0189591
-0.0107285
-0.058164
-0.0397228
-0.0509034
-0.0602039
-0.0533665
-0.0589861
-0.0431773
-0.0311966
-0.025751
0.0336974
0.0850123
0.0808717
0.108123
0.0981476
0.0915952
0.0699595
0.0865477
0.0390467
-0.00716093
0.075099
0.091096
0.0857633
0.00784331
0.021561
0.00567718
0.0454896
0.0070293
-0.0441973
0.0175566
-0.011671
-0.0239534
-0.0430521
0.0264355
0.00614964
-0.0262055
-0.0653992
-0.0687421
-0.0140388
-0.0387626
-0.0674539
-0.0646662
-0.0520244
-0.0380384
-0.0808143
-0.0917079
0.052935
0.124045
0.140731
0.152502
0.0288789
0.0580521
0.0567562
0.0379884
0.0376885
-0.0110789
0.0325905
-0.00381846
0.0434433
-0.017533
-0.0094338
-0.014797
-0.0827911
-0.0412977
0.0199419
0.071046
0.0305502
0.0366945
0.0021175
-0.0289437
0.0471293
-0.00454888
0.0237871
0.00183836
-0.0137137
-0.0421668
-0.0416758
-0.0524546
0.0027621
0.0133082
-0.028466
0.00515238
0.0473489
0.0040824
-0.0120349
0.00775999
-0.0547493
0.0175365
0.0297094
-0.0444751
0.0273269
0.00732816
-0.0738736
-0.0240339
0.0167089
-0.0286991
0.0446062
0.0186171
-0.071056
0.00908457
0.0722477
-0.00397749
0.0122423
0.0169191
-0.0520007
0.0740785
0.0594331
-0.032264
0.0437093
0.046873
-0.0352559
0.0164351
0.0119755
0.00655577
0.0358587
0.0282786
-0.0799413
0.0289264
0.0738571
-0.0237952
-0.0295887
0.0277551
0.0287002
0.0552077
-0.0340729
-0.027773
0.0659369
0.0250793
-0.0186093
-0.00441831
0.0944915
0.0457196
0.0738336
-0.0185357
0.0122092
0.0639624
0.092911
-0.0245628
0.000132135
0.0377307
0.0348805
0.0777174
-0.0155785
-0.0412677
0.0733457
0.0384676
-0.00410433
-0.0106895
0.122535
0.0372973
0.0664496
-0.0115684
-0.0138855
0.0781361
0.0154052
-0.0196277
-0.0141381
0.0777048
0.0172741
0.0466115
0.00187112
0.0030799
0.0571639
0.0546784
0.0138886
-0.0213989
0.0398061
0.00729353
0.0634624
0.0215488
0.0238097
0.0922039
0.0408081
-0.00665499
-0.02478
0.0820861
0.0326957
0.0414351
0.00455538
-0.0275888
0.0424534
0.0591606
0.0374995
0.0173111
0.0715915
0.00346626
0.052089
0.0520325
0.0343588
0.0729351
-0.00545993
-0.0221451
0.000176915
0.00769422
0.00289764
0.0197858
0.0269761
0.0311984
0.0519921
0.0128975
-0.0220803
0.00662472
0.0148698
-0.0220382
0.01207
0.000489219
0.00989143
0.0240407
0.0178508
0.042348
0.0252345
0.0472898
0.00329204
0.0223094
0.0268612
0.0171793
0.0364225
0.0561394
0.0115537
0.0164749
0.0424474
-0.0102394
0.0279419
0.0287291
0.062749
0.0602549
0.0017109
0.0109685
0.0094908
0.0209491
-0.0204008
-0.00262779
0.0146931
0.0337606
0.0465485
0.00786479
0.0231709
-0.00405509
0.00347304
-0.0268561
-0.0145826
0.000257128
0.0101908
0.0416729
0.0271268
-0.0532894
0.00235262
0.0135777
-0.024869
0.0154784
0.0107779
0.0552254
0.0488949
-0.0219656
-0.00825865
-0.0249652
0.0156681
-0.0177625
-0.00806899
-0.0334579
-0.0247438
-0.0196284
0.0209796
0.117208
0.0439715
0.055704
0.0518142
0.0139031
-0.0162006
0.0242705
0.00782174
-0.00383807
0.0716918
-0.0243305
0.00584679
0.0306019
-0.0265717
-0.0738218
-0.0265876
-0.030728
0.00521786
0.0633729
8.56523e-006
0.0684266
0.0661421
0.00730649
-0.0431238
-0.00840306
-0.0372118
-0.00791485
0.0209596
-0.046656
0.0173917
0.0479968
0.00148328
-0.096146
-0.0507424
-0.040972
0.0213201
0.0700752
-0.0320791
0.0490746
0.0820621
0.0509432
-0.0672276
-0.0284921
0.0334715
-0.00588944
0.0330791
-0.0486805
0.00768063
0.0273544
0.0229117
-0.095604
-0.00369356
0.0119653
0.00127547
0.0333564
-0.0454563
0.026928
0.0627944
0.0689375
-0.0798708
-0.0734357
-0.0382008
-0.0177364
0.0126741
-0.0758281
-0.0283211
0.0213013
0.0210054
-0.09482
-0.0778454
-0.0445305
0.0126114
0.0691842
-0.00329693
0.0326719
0.0658703
0.0523963
-0.0521617
0.0107991
0.00809293
0.00871773
0.0281242
-0.0246295
0.0046552
0.0321961
0.0103183
-0.0487084
0.000157629
-0.0445646
0.0602995
0.0676721
-0.0199625
-0.0269973
0.0155226
0.0456114
-0.061454
-0.032189
-0.00201023
0.0278465
0.0404611
-0.0593828
-0.0596792
0.0236631
0.00983879
-0.0822526
-0.035066
-0.0455016
0.0518383
0.0701945
0.00186679
0.0444921
0.0103295
0.0699758
0.00966185
0.034154
0.0171857
0.0231708
0.00564477
-0.0316446
-0.0123293
-0.0811464
-0.0184053
-0.0410039
-0.00958825
0.0148066
0.0289732
0.0767505
-0.0551819
-0.0142873
0.0255985
0.0613208
-0.016728
0.0378403
0.0119029
-0.0177427
0.0284213
-0.058683
0.00828831
-0.0394256
-0.0224354
-0.0439537
0.0118681
0.00320228
0.0123419
0.0373137
-0.0203633
0.0209219
-0.034417
0.00151255
0.0082229
0.0109037
0.0506068
-0.027771
0.0124391
-0.0268283
-0.00923272
-0.011823
-0.000429491
0.00106156
0.00434014
-0.0102591
0.00615452
0.0556662
-0.00743554
0.059567
0.00780849
0.0374819
0.00217321
0.00688986
-0.0182919
-0.00528885
0.0159301
-0.0401566
0.0185326
-0.0183613
-0.00460047
-0.0507195
-0.0383233
-0.0194308
0.0118562
0.00977384
-0.0189459
0.0207639
0.0258914
0.0414451
-0.000128338
-0.00494148
0.0220382
0.0349942
0.013668
-0.0351657
0.0124069
-0.0155776
0.0458702
-0.0520112
-0.0189374
-0.0149245
0.00790855
-0.0034865
-0.0589266
0.00674682
-0.0230325
-0.00265018
-0.0630441
-0.0285802
-0.0215539
0.00972196
-0.0103474
-0.0669982
0.0146353
-0.0023112
-0.0322315
-0.106955
-0.0453628
-0.0164436
0.00773801
0.0428656
-0.0154763
0.0386002
0.00734221
0.0416239
-0.0415358
-0.00264294
-0.00139487
-0.0347706
0.0308929
-0.0119286
0.0146538
-0.0457749
0.0244209
-0.0182394
-0.00709731
-0.0409137
0.00742681
0.0135531
-0.0635799
0.00917708
0.0325769
-0.00435282
-0.0699312
-0.027934
0.005207
-0.010192
0.0413396
-0.0382898
-0.0369222
-0.0491166
-0.0263561
-0.0589928
-0.0589898
-0.00724101
0.0290246
0.0111568
0.00548482
0.0493758
0.00865097
0.0616847
0.00458242
0.0175119
0.0177259
-0.0177721
-0.0238674
-0.0362246
-0.0250886
-0.0490195
-0.00535025
-0.0418848
-0.0541019
-0.0282807
0.00690473
0.0492216
-0.0141944
0.000691771
0.00407365
0.0572552
3.3634e-005
-0.0128072
-0.0168839
-0.0433302
-0.0521257
-0.0972361
-0.0416286
-0.0663556
-0.0297039
-0.055192
-0.0581406
-0.0460352
0.00195678
0.0458725
0.00371415
0.0519434
0.0413762
0.0858487
0.0406984
0.00763021
-0.0215565
-0.0148654
0.0302042
-0.024145
-0.0268174
0.00823507
0.00161496
0.0330447
0.020759
-0.0355329
-0.00528162
0.0200415
-0.0373412
0.0242156
-0.0163521
0.0432598
0.0148732
-0.00557287
-0.0243743
-0.0216143
0.0343426
-0.0448459
-0.0365862
-0.0287063
-0.0362584
-0.0153343
-0.00735285
-0.0396696
-0.00128844
0.0356839
-0.0101828
-0.0159187
0.0170476
0.00754935
0.0536166
0.0563318
0.00577152
-0.0217853
-0.0722506
-0.0270313
-0.0163242
0.0198309
0.0312917
0.0104316
-0.0140092
-0.0186856
0.0221749
0.0746138
0.0189087
0.00493705
0.0297248
0.0328399
0.0762898
0.0680972
-0.0103742
0.00582306
-0.0181605
0.0176263
0.0196064
0.0269303
0.0356724
0.00967658
-0.0136361
-0.0144331
-0.00492439
-0.0700257
0.00104335
0.0124422
-0.0204136
0.0293387
0.000682441
-0.0654206
-0.0145202
0.0270428
-0.0313275
0.036746
0.0109712
-0.00813631
-0.0114884
-0.0152923
-0.100702
0.00452946
0.0409317
-0.0257367
-0.00473522
0.0255134
-0.0421445
0.0270125
-0.012162
-0.049169
0.0377208
0.0675549
-0.00629441
0.00342328
-0.0109755
-0.0284112
0.0107674
-0.0167935
-0.0679027
0.0528834
-5.66752
